0 0.506777 0.426028 0.103023 0.091583
0 0.626191 0.874201 0.118117 0.173903
0 0.301055 0.650069 0.051656 0.093056
0 0.332496 0.536979 0.043039 0.062375
0 0.778430 0.655236 0.084578 0.071583
0 0.800590 0.506889 0.063258 0.047667
0 0.682031 0.497563 0.052500 0.052875
0 0.565293 0.478840 0.051898 0.052153
0 0.178926 0.395806 0.020242 0.020333
0 0.202453 0.392472 0.014813 0.029667
0 0.218480 0.393972 0.017992 0.026667
0 0.247211 0.400542 0.028188 0.025917
0 0.283008 0.404431 0.026891 0.026194
0 0.302289 0.423153 0.022359 0.022167
0 0.362066 0.411486 0.024945 0.022472
0 0.343758 0.433951 0.024297 0.023625
0 0.387199 0.429708 0.027883 0.029861
0 0.189715 0.436569 0.034508 0.054139
0 0.274328 0.490500 0.038641 0.043722
0 0.321000 0.481576 0.037641 0.033014
0 0.649781 0.441674 0.120125 0.086958
0 0.966602 0.604542 0.066797 0.071000
0 0.570781 0.520861 0.048281 0.045778
0 0.372441 0.512583 0.043664 0.050417
0 0.253164 0.946535 0.112578 0.106931
0 0.471465 0.971938 0.105102 0.056125
0 0.258871 0.546056 0.041852 0.098833
0 0.424316 0.566549 0.052336 0.080403
0 0.821996 0.559021 0.068773 0.055764
0 0.709703 0.551840 0.060687 0.062014
