0 0.261859 0.413590 0.019359 0.022375
0 0.871312 0.931986 0.143781 0.136028
0 0.344961 0.423167 0.034766 0.023389
0 0.418711 0.431076 0.039453 0.035764
0 0.466402 0.447931 0.038117 0.039417
0 0.495637 0.628722 0.061539 0.102194
0 0.533984 0.449736 0.030734 0.037000
0 0.548266 0.462215 0.034125 0.034847
0 0.294953 0.418319 0.026016 0.023667
0 0.345406 0.402833 0.034219 0.019722
0 0.408828 0.413986 0.026484 0.027806
0 0.665176 0.967049 0.109852 0.065903
0 0.233684 0.920764 0.130336 0.158472
0 0.971547 0.853354 0.056906 0.156264
0 0.530926 0.584167 0.055164 0.061417
0 0.375902 0.519674 0.045164 0.049514
0 0.920125 0.651618 0.100234 0.102764
0 0.766156 0.642278 0.077375 0.085111
0 0.597602 0.826569 0.094047 0.139778
0 0.380973 0.475313 0.038086 0.041319
0 0.333578 0.482292 0.043547 0.045806
0 0.252176 0.445299 0.031336 0.035708
0 0.201293 0.448854 0.014523 0.033347
0 0.174063 0.398639 0.015125 0.017861
0 0.188344 0.393368 0.015125 0.017208
0 0.217871 0.406701 0.019727 0.018069
0 0.237656 0.402410 0.020328 0.020653
0 0.467191 0.422493 0.034305 0.022986
0 0.703902 0.503556 0.056852 0.056694
0 0.628617 0.510549 0.052250 0.047597
0 0.650879 0.573160 0.051320 0.038792
0 0.308668 0.521285 0.039961 0.057486
0 0.544996 0.502125 0.044727 0.050056
0 0.657918 0.699174 0.088586 0.113542
0 0.401004 0.677424 0.060992 0.114903
0 0.443539 0.502944 0.049437 0.066778
0 0.369398 0.587653 0.046719 0.076750
