0 0.251699 0.551090 0.041086 0.049458
0 0.212883 0.403326 0.019969 0.019792
0 0.277223 0.399646 0.008039 0.018319
0 0.262789 0.410576 0.025484 0.024903
0 0.289113 0.438458 0.037242 0.038833
0 0.260875 0.453521 0.034625 0.036125
0 0.261379 0.485861 0.035633 0.044611
0 0.400070 0.416799 0.037109 0.032986
0 0.372684 0.475153 0.039898 0.040528
0 0.918984 0.546438 0.070266 0.056264
0 0.734250 0.800056 0.116797 0.175528
0 0.911719 0.595347 0.084375 0.066806
0 0.331738 0.486812 0.038398 0.044458
0 0.431883 0.510264 0.047422 0.064250
0 0.430379 0.571153 0.032367 0.061111
0 0.392363 0.636069 0.084820 0.195389
0 0.293238 0.778486 0.072430 0.150000
0 0.737738 0.492535 0.051555 0.051847
0 0.748547 0.577972 0.070609 0.064361
0 0.544289 0.733528 0.073797 0.110306
0 0.301063 0.596229 0.042797 0.074347
0 0.897281 0.460250 0.070922 0.064389
0 0.508844 0.566375 0.054641 0.063167
0 0.328020 0.541375 0.038570 0.062972
0 0.292254 0.506646 0.039008 0.062097
0 0.322051 0.417250 0.041477 0.034167
0 0.181664 0.421618 0.011734 0.020653
0 0.196605 0.388264 0.019602 0.020222
