0 0.866848 0.720812 0.096039 0.097514
0 0.267316 0.539250 0.040164 0.069194
0 0.502387 0.554028 0.049195 0.056472
0 0.396125 0.691528 0.059344 0.093444
0 0.560852 0.510090 0.048672 0.048569
0 0.347672 0.429118 0.033969 0.030958
0 0.438980 0.439701 0.033680 0.038708
0 0.369879 0.510931 0.048773 0.058333
0 0.429105 0.502153 0.044711 0.052139
0 0.772586 0.539903 0.056891 0.046194
0 0.743586 0.559569 0.058578 0.054778
0 0.653715 0.519306 0.048508 0.041667
0 0.242516 0.467611 0.037844 0.052278
0 0.175613 0.412556 0.011617 0.018500
0 0.191223 0.440201 0.008477 0.012264
0 0.217430 0.400639 0.029609 0.023750
0 0.223641 0.424181 0.032813 0.028889
0 0.361754 0.418028 0.019742 0.028389
0 0.505902 0.444604 0.120492 0.128014
0 0.663406 0.493118 0.048781 0.034069
0 0.453281 0.959646 0.119203 0.080708
0 0.206328 0.485556 0.033750 0.058611
0 0.734375 0.623063 0.069688 0.071125
0 0.620637 0.552361 0.052273 0.051944
0 0.287422 0.504250 0.036875 0.046500
