0 0.378727 0.621299 0.057234 0.102681
0 0.325480 0.422222 0.033102 0.028889
0 0.457457 0.950951 0.124758 0.098097
0 0.635223 0.557438 0.058961 0.051931
0 0.772852 0.652861 0.078312 0.090583
0 0.814422 0.519597 0.059906 0.057917
0 0.768801 0.568944 0.067367 0.067306
0 0.608117 0.889674 0.110719 0.182292
0 0.275813 0.707993 0.062688 0.101264
0 0.271941 0.832722 0.080508 0.161889
0 0.686523 0.742688 0.090188 0.116347
0 0.497332 0.481389 0.042758 0.038750
0 0.318332 0.407347 0.024289 0.025444
0 0.266766 0.408438 0.022594 0.020069
0 0.238418 0.533229 0.034914 0.046653
0 0.427855 0.437813 0.037742 0.040097
0 0.397059 0.446486 0.031664 0.026611
0 0.594078 0.471542 0.037109 0.051278
0 0.478320 0.612660 0.060969 0.085681
0 0.552773 0.468889 0.054922 0.056111
0 0.270820 0.490660 0.041172 0.044792
0 0.306730 0.471542 0.038820 0.032000
0 0.238949 0.407326 0.021539 0.017847
0 0.193437 0.398639 0.014531 0.015333
0 0.965617 0.707667 0.064375 0.065278
0 0.762918 0.409319 0.037430 0.050444
