0 0.228484 0.935000 0.105359 0.130000
0 0.560215 0.775174 0.079805 0.124764
0 0.487305 0.456458 0.032578 0.029028
0 0.324141 0.527500 0.044531 0.069444
0 0.347871 0.435444 0.029180 0.025056
0 0.390691 0.427917 0.032945 0.031667
0 0.461016 0.470694 0.038750 0.036667
0 0.825617 0.553174 0.072453 0.071042
0 0.765852 0.602361 0.068687 0.075500
0 0.835090 0.689382 0.090305 0.084542
0 0.555629 0.460847 0.035242 0.038972
0 0.282715 0.652715 0.056102 0.099875
0 0.502848 0.649896 0.069930 0.107847
0 0.245195 0.468882 0.037844 0.045958
0 0.217289 0.391646 0.010047 0.022875
0 0.199820 0.392382 0.024891 0.024347
0 0.271707 0.410896 0.029711 0.021986
0 0.306730 0.404375 0.026898 0.027361
0 0.322887 0.420917 0.030148 0.028917
0 0.621605 0.450139 0.044555 0.043778
0 0.631379 0.479333 0.050055 0.041194
0 0.615086 0.505014 0.048375 0.051944
0 0.315531 0.477687 0.043859 0.035097
0 0.384887 0.485576 0.044242 0.041986
0 0.262957 0.548090 0.041242 0.059986
0 0.971391 0.719764 0.057219 0.096750
0 0.435281 0.947278 0.121609 0.105444
