0 0.929129 0.608486 0.083602 0.075306
0 0.397578 0.657521 0.069687 0.137236
0 0.262863 0.446951 0.038648 0.038986
0 0.200453 0.478576 0.031266 0.050708
0 0.447281 0.573403 0.053781 0.065833
0 0.236594 0.523486 0.032594 0.047806
0 0.381246 0.426958 0.030164 0.024000
0 0.390996 0.442285 0.031680 0.034653
0 0.471781 0.421292 0.043672 0.041306
0 0.535980 0.435118 0.035992 0.033653
0 0.498117 0.485604 0.045734 0.038653
0 0.444043 0.467444 0.038430 0.031000
0 0.343387 0.461792 0.032430 0.038306
0 0.979398 0.580125 0.041125 0.071694
0 0.936516 0.692208 0.085641 0.076556
0 0.282738 0.782111 0.078508 0.169556
0 0.180652 0.420458 0.012555 0.022000
0 0.313359 0.417604 0.028672 0.027708
0 0.262848 0.410965 0.025117 0.024986
0 0.237168 0.399132 0.023617 0.023319
0 0.189371 0.397472 0.018367 0.018667
0 0.171094 0.392472 0.012938 0.013333
0 0.662125 0.472944 0.045812 0.037556
0 0.887824 0.962799 0.142008 0.074403
0 0.607270 0.474090 0.044367 0.051625
0 0.589609 0.532986 0.049531 0.046528
0 0.212801 0.437951 0.032242 0.033653
0 0.239789 0.466618 0.034109 0.041653
0 0.811191 0.676153 0.085023 0.082917
0 0.682719 0.721694 0.086203 0.128083
0 0.522504 0.693181 0.066523 0.116250
0 0.340105 0.491271 0.036742 0.049986
0 0.329555 0.548132 0.041656 0.059708
0 0.274293 0.592910 0.040648 0.063319
0 0.285883 0.632632 0.045016 0.069875
0 0.545891 0.583958 0.071219 0.101528
0 0.280891 0.994215 0.075016 0.011569
0 0.675590 0.962778 0.110383 0.074444
0 0.676910 0.580743 0.062211 0.066819
