0 0.423809 0.420007 0.037070 0.037514
0 0.433027 0.899340 0.104008 0.201319
0 0.597207 0.640083 0.068242 0.082056
0 0.563684 0.488083 0.044102 0.048833
0 0.568914 0.447069 0.037000 0.037250
0 0.340730 0.411514 0.027664 0.020889
0 0.192695 0.477035 0.011016 0.036292
0 0.195078 0.441104 0.014844 0.036375
0 0.176914 0.411736 0.016328 0.021250
0 0.188062 0.398875 0.024687 0.021083
0 0.234715 0.399847 0.018758 0.018722
0 0.855441 0.949931 0.111773 0.100139
0 0.830410 0.612056 0.072227 0.062139
0 0.986801 0.640028 0.025945 0.080056
0 0.632270 0.561507 0.052352 0.050625
0 0.309055 0.527500 0.043734 0.063333
0 0.238707 0.521042 0.038367 0.059583
0 0.382117 0.628264 0.050766 0.074583
0 0.333906 0.426403 0.031250 0.028361
0 0.662852 0.520417 0.051328 0.052500
0 0.273965 0.840076 0.085648 0.134597
0 0.252383 0.408111 0.028922 0.027556
0 0.296855 0.465500 0.043320 0.045611
0 0.344414 0.489812 0.040234 0.048181
0 0.507133 0.464465 0.040359 0.037986
0 0.860391 0.700618 0.101406 0.087653
