0 0.272402 0.464549 0.032055 0.032986
0 0.327680 0.539778 0.041203 0.062333
0 0.284414 0.630208 0.062422 0.105139
0 0.778332 0.647701 0.087617 0.107625
0 0.291793 0.504931 0.038602 0.048194
0 0.231180 0.470153 0.032484 0.034417
0 0.990824 0.642319 0.018023 0.057972
0 0.438078 0.582187 0.048578 0.062819
0 0.623305 0.679708 0.078016 0.101861
0 0.552844 0.472118 0.052297 0.055625
0 0.262273 0.898542 0.121719 0.191667
0 0.842543 0.615944 0.072773 0.069472
0 0.616543 0.497646 0.051570 0.059653
0 0.736105 0.518403 0.052773 0.050639
0 0.700043 0.537701 0.057023 0.058625
0 0.476270 0.632667 0.059898 0.081889
0 0.974102 0.837951 0.051797 0.123014
0 0.544250 0.585208 0.057469 0.081194
0 0.661559 0.466771 0.045664 0.042375
0 0.460840 0.523632 0.052914 0.065542
0 0.517121 0.432062 0.046633 0.043569
0 0.465180 0.453458 0.034703 0.038556
0 0.406840 0.448646 0.029055 0.032764
0 0.379082 0.514576 0.043805 0.058986
0 0.383961 0.484688 0.034922 0.040097
0 0.323777 0.450764 0.040773 0.038556
0 0.370723 0.440736 0.020586 0.028528
0 0.343402 0.420882 0.022336 0.019653
0 0.298297 0.405465 0.025375 0.015042
0 0.264789 0.416451 0.021687 0.014653
0 0.255027 0.401410 0.024727 0.016958
0 0.227055 0.407201 0.017781 0.017736
0 0.193113 0.401611 0.024508 0.015806
0 0.234918 0.444056 0.029430 0.026000
0 0.268750 0.437222 0.032609 0.029000
0 0.193586 0.446215 0.009750 0.026319
