0 0.365242 0.436222 0.037859 0.037333
0 0.722699 0.548438 0.064523 0.070153
0 0.595125 0.528715 0.048922 0.060597
0 0.839027 0.618604 0.091758 0.080875
0 0.499820 0.556868 0.065250 0.073042
0 0.491508 0.462472 0.038531 0.040222
0 0.626020 0.499549 0.052102 0.053181
0 0.447813 0.457743 0.046500 0.048264
0 0.440617 0.581764 0.052109 0.067083
0 0.532348 0.680201 0.070008 0.116264
0 0.350879 0.469056 0.043711 0.058944
0 0.289453 0.595486 0.079531 0.167083
0 0.341094 0.543014 0.039844 0.067778
0 0.249914 0.518340 0.045797 0.076375
0 0.971535 0.724132 0.056930 0.097431
0 0.834441 0.548972 0.079680 0.078778
0 0.516320 0.441215 0.047609 0.047319
0 0.431223 0.426062 0.032242 0.037653
0 0.381551 0.428896 0.023617 0.029319
0 0.325902 0.418660 0.028117 0.029319
0 0.287195 0.405833 0.024547 0.027000
0 0.255715 0.459313 0.027945 0.033986
0 0.243332 0.434493 0.035805 0.031653
0 0.201129 0.400764 0.021789 0.016389
0 0.215988 0.401000 0.016617 0.019111
0 0.177449 0.393125 0.016180 0.013972
