0 0.718422 0.604090 0.064609 0.080347
0 0.850078 0.562396 0.061766 0.079153
0 0.386320 0.626479 0.060344 0.094069
0 0.575605 0.480167 0.052039 0.051056
0 0.346781 0.489521 0.042547 0.055681
0 0.374426 0.439021 0.035242 0.031986
0 0.172414 0.394500 0.016719 0.016944
0 0.184758 0.388167 0.019469 0.023806
0 0.211914 0.404215 0.024953 0.020097
0 0.249465 0.396000 0.024930 0.021000
0 0.257371 0.551833 0.038430 0.056333
0 0.265148 0.479674 0.043109 0.047319
0 0.407137 0.432188 0.033180 0.025653
0 0.781734 0.422521 0.036531 0.053903
0 0.455570 0.518194 0.050094 0.060917
0 0.975305 0.836458 0.049391 0.108083
0 0.815727 0.926521 0.156031 0.146958
0 0.432590 0.939528 0.133773 0.120944
0 0.613719 0.474104 0.036594 0.039319
0 0.482926 0.469444 0.041492 0.040556
0 0.482750 0.436667 0.040453 0.029722
0 0.302227 0.413299 0.026484 0.019597
0 0.585586 0.524118 0.048203 0.043514
0 0.778219 0.561993 0.084656 0.095264
0 0.455953 0.589625 0.057844 0.075194
0 0.274414 0.599375 0.041797 0.070694
0 0.528711 0.726479 0.068359 0.103097
