0 0.444449 0.462042 0.038492 0.035000
0 0.521508 0.661111 0.071312 0.113889
0 0.246949 0.910521 0.098727 0.160069
0 0.362348 0.437431 0.032805 0.027361
0 0.700340 0.598917 0.066695 0.071306
0 0.267227 0.587076 0.047422 0.076542
0 0.850840 0.694007 0.089523 0.083181
0 0.340656 0.542938 0.051359 0.061986
0 0.284801 0.690958 0.060633 0.132806
0 0.409402 0.675194 0.059086 0.113833
0 0.675520 0.960646 0.116555 0.078708
0 0.979809 0.600299 0.040383 0.155403
0 0.596844 0.462556 0.034156 0.037056
0 0.422449 0.543340 0.057602 0.072042
0 0.494090 0.549521 0.050367 0.057625
0 0.458211 0.448146 0.027812 0.033958
0 0.487738 0.438465 0.032445 0.043042
0 0.370809 0.408792 0.031133 0.029222
0 0.235910 0.522681 0.036320 0.055722
0 0.264887 0.484243 0.036320 0.041903
0 0.229641 0.452917 0.038922 0.034583
0 0.265211 0.397181 0.021406 0.019222
0 0.241355 0.408708 0.033648 0.026139
0 0.176660 0.394306 0.019117 0.019333
0 0.212086 0.404299 0.021750 0.025986
0 0.224270 0.387306 0.026992 0.028000
0 0.313867 0.415049 0.029781 0.041597
0 0.877773 0.645674 0.082687 0.071264
0 0.576258 0.483083 0.050875 0.052889
0 0.774734 0.870417 0.118641 0.148306
0 0.456187 0.604014 0.051344 0.077194
0 0.715336 0.513646 0.055375 0.059792
